ID,N,5,2;NAME,C,80;N2007,C,80;N2010,C,80;N2011,C,80;N20102011,C,80;N5YEARTOTA,C,80;N20102011B,C,80
1.00;ALB;0;2;1;3;9;1
2.00;ALG;0;0;2;2;2;0
3.00;ANGO;1;5;19;24;34;22
4.00;ARMEN;2;6;3;9;16;7
5.00;AZEB;0;2;1;3;5;1
6.00;BELARUS;2;0;0;0;4;0
7.00;BELGIUM;0;1;0;1;1;0
11.00;BOSNIA;2;0;1;1;5;1
13.00;BRITT;0;5;1;6;6;1
14.00;BULGAR;50;46;73;119;240;37
23.00;DENMARK;1;0;0;0;1;0
25.00;GERMANY;3;3;3;6;19;3
32.00;FINLAND;0;1;0;1;1;0
33.00;FRANCE;1;1;0;1;3;1
38.00;GREECE;1;0;1;1;2;1
42.00;HUNGAR;15;56;121;177;284;63
46.00;IRAQ;0;3;8;11;14;5
47.00;IRAN;1;3;0;3;7;1
48.00;ITALY;1;1;1;2;3;0
55.00;KUW;0;0;2;2;3;0
56.00;KOSOVO;0;0;1;1;1;0
57.00;CROATIA;0;1;0;1;1;1
59.00;LATVIA;2;5;3;8;19;5
60.00;LIBYA;2;3;3;6;16;4
61.00;LITH;3;9;4;13;29;6
62.00;MACED;0;0;10;10;11;0
79.00;AUSTRIA;0;1;0;1;1;0
82.00;POLAND;14;16;104;120;159;49
68.00;MOLDAV;0;0;0;0;1;1
77.00;UKRAIN;4;3;6;9;23;6
9.00;BENIN;0;1;3;4;8;3
21.00;CONGO;5;9;3;12;25;9
27.00;EGYPT;1;0;3;3;7;2
30.00;ETHIOP;1;1;4;5;7;4
31.00;PHILIP;2;2;5;7;16;4
45.00;INDONESIA;0;4;0;4;22;3
64.00;MALAYSIA;0;2;1;3;5;1
75.00;NIGERIA;104;130;134;264;533;248
72.00;NEPAL;0;3;1;4;6;1
8.00;BANGL;0;0;1;1;1;1
10.00;BOLIVIA;1;0;0;0;1;0
12.00;BRAZIL;4;12;9;21;52;13
17.00;CANADA;0;0;0;0;2;1
18.00;CHILE;2;0;0;0;4;0
20.00;COLOMBIA;1;1;2;3;10;2
19.00;CHINESE;33;23;40;63;211;40
22.00;CUBA;0;1;1;2;2;1
24.00;DOMINIC;0;2;4;6;8;2
26.00;EQUADOR;0;2;0;2;2;0
28.00;ERITREA;0;1;5;6;6;1
29.00;ESTONIA;1;0;2;2;3;0
34.00;GABON;0;1;0;1;1;1
35.00;GAMBIA;0;5;4;9;15;8
36.00;GEORGIA;0;1;5;6;10;0
37.00;GHANA;8;21;13;34;74;36
41.00;GUINEA;15;26;58;84;154;70
43.00;HUNDURAS;0;0;1;1;1;0
44.00;INDIA;3;7;2;9;31;8
49.00;IVORY;2;0;4;4;15;4
53.00;CAMEROON;6;11;3;14;46;46
54.00;KENYA;3;6;2;8;14;7
39.00;GUATEM;0;2;0;2;2;2
40.00;GUINBIS;0;0;1;1;2;0
50.00;JAMAICA;0;1;1;2;3;2
63.00;MADAGAS;0;1;1;2;2;2
52.00;CAPEVERD;1;0;1;1;3;0
51.00;JUGOSLAV;0;0;0;0;0;0
58.00;KIR;0;0;0;0;1;0
66.00;MARROC;13;18;10;28;66;15
67.00;MAURTI;0;1;0;1;2;1
69.00;MONGOL;4;5;4;9;24;5
70.00;NAMIBIA;1;0;0;0;1;0
73.00;NICAR;1;0;0;0;1;0
74.00;NIGER;1;0;0;0;2;0
76.00;NKOREA;0;1;0;1;1;0
78.00;UZBEK;0;0;0;0;2;0
80.00;PAKIST;0;1;3;4;7;3
81.00;PERU;0;1;0;1;1;1
83.00;PORTUGAL;0;2;5;7;13;2
83.00;ROMANIA;28;49;40;89;225;29
85.00;RUSSIA;9;3;10;13;31;6
86.00;RWANDA;2;1;0;1;5;1
87.00;ELSALVAD;0;0;2;2;2;0
88.00;SAUDIARAB;0;0;1;1;1;0
89.00;SENEGAL;1;1;1;2;4;2
90.00;SERBIA;0;1;1;2;6;0
91.00;SEYCH;0;0;1;1;1;1
92.00;SEARRA LEONE;29;36;62;0;206;81
93.00;SLOVAK;3;39;2;41;52;2
94.00;SOMALIA;5;2;1;3;16;3
95.00;SPAIN;0;1;2;3;4;0
96.00;SRILANKA;1;2;1;2;4;2
97.00;SUDAN;2;1;1;2;9;5
98.00;SURINAME;6;6;9;15;33;19
99.00;SIRYA;1;1;0;1;2;1
65.00;MALI;0;0;2;2;2;2
71.00;NETHERLANDS;0;0;0;0;0;0
15.00;BURKIN;1;0;0;0;1;0
16.00;BURUNDI;3;3;0;3;7;5
0.00;AFG;0;1;2;3;6;0
